0000000000000000000000000000000000000000000000000000000000000000000000000000000000000000000000000000
0000000000000000000000000000000000000000000000000000000000000000000000000000000000000000000000000000
0000000000000000000000000000000000000000000000000000000000000000000000000000000000000000000000000000
0000000000000000000000000000000000000000000000000000000000000000000000000000000000000000000000000000
0000000000000000000000000000000000000000000000000000000000000000000000000000000000000000000000000000
0000000000000000000000000000000000000000000000000000000000000000000000000000000000000000000000000000
0000000000000000000000000000000000000000000000000000000000000000000000000000000000000000000000000000
0000000000000000000000000000000000000000000000000000000000000000000000000000000000000000000000000000
0000000000000000000000000000000000000000000000000000000000000000000000000000000000000000000000000000
0000000000000000000000000000000000000000000000000000000000000000000000000000000000000000000000000000
0000000000000000000000000000000000000000000000000000000000000000000000000000000000000000000000000000
0000000000000000000000000000000000000000000000000000000000000000000000000000000000000000000000000000
0000000000000000000000000000000000000000000000000000000000000000000000000000000000000000000000000000
0000000000000000000000000000000000000000000000000000000000000000000000000000000000000000000000000000
0000000000000000000000000000000000000000000000000000000000000000000000000000000000000000000000000000
0000000000000000001I0II0I0II00I0I0II0I0I0I0II00I00I0II00I0I0I0I00I0I00I10000000000000000000000000000
0000000000000000001000000000000000000000000000000000000000000000000000010000000000000000000000000000
0000000000000000001000000000000000000000000000000000000000000000000000010000000000000000000000000000
0000000000000000001000000000000000000000000000000000000000000000000000010000000000000000000000000000
00000000000000000010000e0000e00000e00000e00000e00000e00000000000000000010000000000000000000000000000
0000000000000000001000000000000000000000000000000000000000000000000000010000000000000000000000000000
0000000000000000001000000000000000000000000000000000000000000000000000010000000000000000000000000000
0000000000000000001000000000000000000000000000000000000000000000000000010000000000000000000000000000
0000000000000000001111111111111111111000111111111111111113000000000000010000000000000000000000000000
0000000000000000001000000000000000001000000000100000000001000000000000010000000000000000000000000000
00000000000000000010000000000000000010000e000e10S0000000013000000000t0010000000000000000000000000000
0000000000000000001000e000e000e000001000000000111110000001100000000000010000000000000000000000000000
0000000000000000001000000000000000001111111000100001000001100000000000010000000000000000000000000000
0000000000000000001000000000000000001000000000100000100001130000000000010000000000000000000000000000
0000000000000000001000000000000000001000000000100000e10001110000000000010000000000000000000000000000
0000000000000000001000e000e000e0000010000e000e100000001000113000000000010000000000000000000000000000
0000000000000000001000000000000000001000111111100000000000011300000000010000000000000000000000000000
0000000000000000001000000000000000001000000000000000000000001130000000010000000000000000000000000000
0000000000000000001000005305300000000000000000000000000000000013000000010000000000000000000000000000
00000000000000000010000511F1130000000000000000000000000000000001130@00010000000000000000000000000000
00000000000000000011111111E1111111111111111111111111111111111111111110010000000000000000000000000000
0000000000000000001111111111111IIIIIIIIIIIIIIIIIIIIIIIIIIIIIIIIIIIII00010000000000000000000000000000
0000000000000000001000000000000000000000000000000000000000000000000000010000000000000000000000000000
0000000000000000001000000000000000000000000000000001000000000000000011110000000000000000000000000000
00000000000000000010000000!0000000000000000001110000000000000000000110000000000000000000000000000000
0000000000000000001000000111000000011000000000000000011100001110001100000000000000000000000000000000
0000000000000000001001W1111111W100000001100000000000000000000000011000000000000000000000000000000000
0000000000000000001LL1WWWWWWWWW1LLLLLLLLLLLLLLLLLLLLLLLLLLLLLLLLL10000000000000000000000000000000000
0000000000000000001111111111111111111111111111111111111111111111110000000000000000000000000000000000
0000000000000000000000000000000000000000000000000000000000000000000000000000000000000000000000000000
0000000000000000000000000000000000000000000000000000000000000000000000000000000000000000000000000000
0000000000000000000000000000000000000000000000000000000000000000000000000000000000000000000000000000
0000000000000000000000000000000000000000000000000000000000000000000000000000000000000000000000000000
0000000000000000000000000000000000000000000000000000000000000000000000000000000000000000000000000000
0000000000000000000000000000000000000000000000000000000000000000000000000000000000000000000000000000
0000000000000000000000000000000000000000000000000000000000000000000000000000000000000000000000000000
0000000000000000000000000000000000000000000000000000000000000000000000000000000000000000000000000000
0000000000000000000000000000000000000000000000000000000000000000000000000000000000000000000000000000
0000000000000000000000000000000000000000000000000000000000000000000000000000000000000000000000000000
0000000000000000000000000000000000000000000000000000000000000000000000000000000000000000000000000000
0000000000000000000000000000000000000000000000000000000000000000000000000000000000000000000000000000
0000000000000000000000000000000000000000000000000000000000000000000000000000000000000000000000000000
0000000000000000000000000000000000000000000000000000000000000000000000000000000000000000000000000000
0000000000000000000000000000000000000000000000000000000000000000000000000000000000000000000000000000
0000000000000000000000000000000000000000000000000000000000000000000000000000000000000000000000000000
0000000000000000000000000000000000000000000000000000000000000000000000000000000000000000000000000000
0000000000000000000000000000000000000000000000000000000000000000000000000000000000000000000000000000
0000000000000000000000000000000000000000000000000000000000000000000000000000000000000000000000000000
0000000000000000000000000000000000000000000000000000000000000000000000000000000000000000000000000000
0000000000000000000000000000000000000000000000000000000000000000000000000000000000000000000000000000
0000000000000000000000000000000000000000000000000000000000000000000000000000000000000000000000000000
0000000000000000000000000000000000000000000000000000000000000000000000000000000000000000000000000000
0000000000000000000000000000000000000000000000000000000000000000000000000000000000000000000000000000
0000000000000000000000000000000000000000000000000000000000000000000000000000000000000000000000000000
0000000000000000000000000000000000000000000000000000000000000000000000000000000000000000000000000000
0000000000000000000000000000000000000000000000000000000000000000000000000000000000000000000000000000
0000000000000000000000000000000000000000000000000000000000000000000000000000000000000000000000000000
0000000000000000000000000000000000000000000000000000000000000000000000000000000000000000000000000000
0000000000000000000000000000000000000000000000000000000000000000000000000000000000000000000000000000
0000000000000000000000000000000000000000000000000000000000000000000000000000000000000000000000000000
0000000000000000000000000000000000000000000000000000000000000000000000000000000000000000000000000000
0000000000000000000000000000000000000000000000000000000000000000000000000000000000000000000000000000
0000000000000000000000000000000000000000000000000000000000000000000000000000000000000000000000000000
0000000000000000000000000000000000000000000000000000000000000000000000000000000000000000000000000000
0000000000000000000000000000000000000000000000000000000000000000000000000000000000000000000000000000
0000000000000000000000000000000000000000000000000000000000000000000000000000000000000000000000000000
0000000000000000000000000000000000000000000000000000000000000000000000000000000000000000000000000000
0000000000000000000000000000000000000000000000000000000000000000000000000000000000000000000000000000
0000000000000000000000000000000000000000000000000000000000000000000000000000000000000000000000000000
0000000000000000000000000000000000000000000000000000000000000000000000000000000000000000000000000000
0000000000000000000000000000000000000000000000000000000000000000000000000000000000000000000000000000
0000000000000000000000000000000000000000000000000000000000000000000000000000000000000000000000000000
0000000000000000000000000000000000000000000000000000000000000000000000000000000000000000000000000000
0000000000000000000000000000000000000000000000000000000000000000000000000000000000000000000000000000
0000000000000000000000000000000000000000000000000000000000000000000000000000000000000000000000000000
0000000000000000000000000000000000000000000000000000000000000000000000000000000000000000000000000000
0000000000000000000000000000000000000000000000000000000000000000000000000000000000000000000000000000
0000000000000000000000000000000000000000000000000000000000000000000000000000000000000000000000000000
0000000000000000000000000000000000000000000000000000000000000000000000000000000000000000000000000000
0000000000000000000000000000000000000000000000000000000000000000000000000000000000000000000000000000
0000000000000000000000000000000000000000000000000000000000000000000000000000000000000000000000000000
0000000000000000000000000000000000000000000000000000000000000000000000000000000000000000000000000000
0000000000000000000000000000000000000000000000000000000000000000000000000000000000000000000000000000
0000000000000000000000000000000000000000000000000000000000000000000000000000000000000000000000000000
0000000000000000000000000000000000000000000000000000000000000000000000000000000000000000000000000000
