                                                                                                    
     00000                                                0                                         
511111111111111111111111111111111111111111111111111111111111111113                                  
100001000000001000000000000000000000411111111111111111   111111111                                  
1    1r 0    01   R 00                 411111110     413 111111111                                  
100111111111 013 0005113         S        411113 5WWWWW1W111111111                                  
10 111112     41 000111113       1           412 411WWW1W111111111                                  
10 11111000000 1 005111111130                      41WW1W111111111                                  
10    12      51 0011111111113         000000000000 1WW1W111111111                                  
10000 1 05111112 00111111111111312    413        0001WW1WWWW111111                                  
10 0011 0111112 000411111111111113    5111111111000 1WW1WWWW111111                                  
10 0001 01111100000000000000004111    11 41111110 3041WWW1WW111111                                  
111 0 1 0111110          Y   00111135112004111110 13041111WW10 111                                  
10000 1 0111110    5111111113 04111111205304111    43  111WW10 111                                  
10 0111 0111110110 1111111111           4130411     1  111WWWWW111                                  
10 0001 0111120000 11111111120         0 413041 53  1  111WWWWW111                                  
10   01 000 000000 11111111200 00  00  03 41304111  1  1111WWWW111                                  
1110 010000        1111112   511 000000013 413 41  51  11111WWW111                                  
10   01   0 51113 5111111  51111 00     1   42  1  11  11111WWW111                                  
10 051113 5111111 11111111111111LLLLLLLL1000000 13  1  11111WWW111                                  
10  11111 1111111y11111111111111LLLLLLLL1000000011  1  111111WW111                                  
100011111L111 111 11111111111111LLLLLLLL111113  1  51  111 01WW111                                  
10 51111LLL10 111L11111111111111LLLLLLLL112 413 1  11  111001WW111                                  
10 11111LLL11 1111111111     1111111111111 1 11 13  1  1111WWWWW11                                  
10 1111111111 11111111111111   0 1     12  1 12 11  1  WW41WWWWW11                                  
10 112      1 111111111111 1WWWWW10000 1  52 1  1  52  WW0413WWW11                                  
10 1100000001  4242424242  43WWWW10010 1 52  43 1      1100113WWW1                                  
10  13    0 1               43WWW1 010 1 1    1 41111112     1WWW1                                  
10 11111000 1                43WW10010 1 1WWWW1    412     511WWW113                                
10 1        1     53     53   43W10010 1 41WW12     1W0 W 52 1WWW1 43                               
1WW1WWWWW10 13    42     42    411 010 1  4112  513 1    52  1WWW1  43                              
1WW1WWWWW10 113                0 00010 1        1W1 1 W  1   41112   1                              
1WWWWWWWW10   13              00000010 1        412 1   52           43                             
1WWWWWWWW10 1L11LLLLLLLLLLLLL111111120 1  1   1     1L0W1             1                             
1WW11111110 11111111111111111200000000 1            1 052     1B1     43                            
1WW1      0 11112                      1LLLLLLLL1 1L1  1      1E1      1                            
11110000000511120000000000 5111111111111111111111 112W 1      412      1                            
10    1   51111   0100     111120        41111112 1 L  1               1                            
10    1 0011111300510  110 4112            41112  13   43             52                            
10 11111112000411112   1     00                   4113W 1             1                             
10 0000000000000000    1 000000000000000000000000000113 43           52                             
10        0       0    1 01WWWWWWWWWWWWWWWWWWWWWWWWWW11 L43         52                              
11LLLLLLLLLL1L1L1L11W1W1 01WWWWWWWWWWWWWWWWWWWWWWWWWWW1W  413   0 512                               
411111111111111111111111 01WWWWWWWWWWWWWWWWWWWWWWWWWWW1     4130012                                 
 1                    12001WWWWWWWWWWWWWWWWWW1WWWWWWWW1 W W   1WW1                                  
 1 001111111111111111 1   1WWWWWWW53WWWWWWWWWWWWWWWWWW1     W 1WW1                                  
 1001111111111113b    1   1WWWWWWW42WWWWWWWWWWW11WWWWW43L W L51WW1                                  
 1000000        4111112   1WWWWWWWWWWWWWWWWWWWW11WWWWWW4111111WWW1                                  
 10000000000000       G   1WWWWWWWWWWWW111WWWWWWWWWWWWWWWWWWWWWWW1                                  
 111111111111111111111111113WWWWWWWWWWW111WWWWWWWWWWWWWWWWWWWWWWW1                                  
                           13WWWWWWWWWWWWWWWWWWWWWW511111111111111                                  
                            13WWWWWWWWWWWWWWWWWWWW51                                                
                             113WWWWWWWWWWWWWWWWW51                                                 
                               1113WWWWWWWWWWWWW51                                                  
                                  113WWWWWW511111                                                   
                                    11111111                                                        
                                                                                                    
                                                                                                    
                                                                                                    
                                                                                                    
                                                                                                    
                                                                                                    
                                                                                                    
                                                                                                    
                                                                                                    
                                                                                                    
                                                                                                    
                                                                                                    
                                                                                                    
                                                                                                    
                                                                                                    
                                                                                                    
                                                                                                    
                                                                                                    
                                                                                                    
                                                                                                    
                                                                                                    
                                                                                                    
                                                                                                    
                                                                                                    
                                                                                                    
                                                                                                    
                                                                                                    
                                                                                                    
                                                                                                    
                                                                                                    
                                                                                                    
                                                                                                    
                                                                                                    
                                                                                                    
                                                                                                    
                                                                                                    
                                                                                                    
                                                                                                    
                                                                                                    
                                                                                                    
                                                                                                    
                                                                                                    
                                                                                                    
                                                                                                    
